
Last position-specific scoring matrix computed, weighted observed percentages rounded down, information per position, and relative weight of gapless real matches to pseudocounts
           A  R  N  D  C  Q  E  G  H  I  L  K  M  F  P  S  T  W  Y  V   A   R   N   D   C   Q   E   G   H   I   L   K   M   F   P   S   T   W   Y   V
    1 K     1   1  -1  -1  -2   0   1   0  -1  -1  -2   3  -1  -3  -1   1   0  -3  -2   0   18   0   0   0   0   0  13   5   0   0   0  42   0   0   0   8   0   0   0  13  0.21 0.03
    2 G     0  -3  -1  -2  -3  -2  -3   6  -3  -4  -4  -2  -3  -4  -3  -1  -2  -3  -4  -4    0   0   0   0   0   0   0 100   0   0   0   0   0   0   0   0   0   0   0   0  1.24 0.07
    3 E     3  -1  -1   0  -2   0   3   1  -1  -3  -3   0  -2  -3  -1   0  -1  -3  -2  -1   51   0   0   0   0   0  42   7   0   0   0   0   0   0   0   0   0   0   0   0  0.39 0.04
    4 E    -1   0  -1   0  -3   1   3  -3  -1  -1   1   2   2  -2  -2  -1  -1  -3  -2  -1    0   0   0   0   0   0  44   0   0   0  26  16  13   0   0   0   0   0   0   0  0.27 0.04
    5 L    -2  -3  -4  -4  -2  -3  -3  -4  -3   1   5  -3   2   0  -3  -3  -2  -2  -1   1    0   0   0   0   0   0   0   0   0   0 100   0   0   0   0   0   0   0   0   0  0.62 0.06
    6 F    -3  -3  -4  -4  -3  -4  -4  -4  -2   0   1  -4   0   7  -4  -3  -3   0   3  -1    0   0   0   0   0   0   0   0   0   0   8   0   0  92   0   0   0   0   0   0  0.95 0.07
    7 T     0  -1   3   0  -2   0   1  -1   2  -2  -2  -1  -2  -3  -2   1   3  -3  -2  -1   11   0  21   0   0   0  13   2   8   0   0   0   0   0   0   0  45   0   0   0  0.30 0.04
    8 G    -1   0   1  -1  -3   1  -1   5  -1  -4  -4   2  -2  -4  -2   0  -1  -3  -3  -3    0   0  11   0   0   8   0  55   0   0   0  26   0   0   0   0   0   0   0   0  0.56 0.04
    9 V    -1   1  -2  -1  -2   0   2  -3  -2   1  -1   2   0  -2  -2  -1  -1  -3  -2   2    0   8   0   0   0   0  26   0   0  14   0  19   0   0   0   0   0   0   0  33  0.17 0.03
   10 V    -1  -3  -4  -4  -1  -3  -3  -4  -4   3   2  -3   1  -1  -3  -2  -1  -3  -2   4    0   0   0   0   0   0   0   0   0  32  13   0   0   0   0   0   0   0   0  55  0.41 0.04
   11 P    -1  -3  -3  -2  -4  -2  -2  -3  -3  -3  -4  -2  -3  -4   8  -1  -2  -4  -4  -3    0   0   0   0   0   0   0   0   0   0   0   0   0   0 100   0   0   0   0   0  2.24 0.09
   12 I    -2  -3  -3  -4  -2  -3  -3  -4   0   3   0  -3   0   4  -4  -3  -2   0   5   1    0   0   0   0   0   0   0   0   0  32   0   0   0  24   0   0   0   0  37   7  0.53 0.06
   13 L    -1  -2  -3  -3  -2  -2  -2  -4  -3   3   3   0   1  -1  -3  -2  -1  -3  -2   3    0   0   0   0   0   0   0   0   0  16  39  13   0   0   0   0   0   0   0  32  0.28 0.04
   14 V    -1  -3  -3  -3   3  -2  -3  -3  -3   2   1  -2   1  -1  -3  -1   2  -3  -2   3    0   0   0   0   8   0   0   0   0  10   6   0   6   0   0   0  19   0   0  51  0.30 0.05
   15 E    -2  -1  -1   1  -5   1   6  -3  -1  -4  -4   0  -3  -4  -2  -1  -2  -4  -3  -3    0   0   0   0   0   0 100   0   0   0   0   0   0   0   0   0   0   0   0   0  1.05 0.11
   16 L    -2  -3  -4  -4  -2  -2  -3  -4  -3   1   4  -3   3   0  -3  -3  -1  -2  -2   1    0   0   0   0   0   0   0   0   0   0  82   0   8   0   0   0   0   0   0  10  0.55 0.07
   17 D    -2  -2   1   6  -4   0   4  -2  -1  -4  -4  -1  -3  -4  -2  -1  -1  -4  -3  -4    0   0   2  64   0   0  33   0   0   0   0   0   0   0   0   0   0   0   0   0  0.90 0.08
   18 G     0  -3  -1  -2  -3  -2  -3   6  -3  -4  -3  -2  -3   1  -3  -1  -2  -3  -2  -3    6   0   0   0   0   0   0  84   0   0   0   0   0  10   0   0   0   0   0   0  0.96 0.08
   19 D    -2  -2   2   6  -4   0   2  -2  -1  -4  -4  -1  -4  -4  -2  -1  -2  -5  -4  -4    0   0   6  80   0   0  14   0   0   0   0   0   0   0   0   0   0   0   0   0  1.00 0.09
   20 V    -1  -3  -4  -4  -1  -3  -3  -4  -4   3   1  -3   0  -1  -3  -2  -1  -3  -2   5    0   0   0   0   0   0   0   0   0  18   0   0   0   0   0   0   0   0   0  82  0.56 0.08
   21 N    -2  -1   5   4  -4   0   1  -1   2  -4  -4  -1  -3  -4  -2   0  -1  -4  -2  -4    0   0  54  28   0   0  10   0   7   0   0   0   0   0   0   0   0   0   0   0  0.70 0.07
   22 G     0  -3  -1   1  -3  -2  -2   6  -3  -4  -4  -2  -3  -4  -3  -1  -2  -3  -4  -4    0   0   0  10   0   0   0  90   0   0   0   0   0   0   0   0   0   0   0   0  1.12 0.08
   23 H    -2   0  -1  -2  -3   2  -1  -3   8  -1  -1  -1   3  -2  -3  -2  -2  -3   0  -2    0   2   0   0   0  13   0   0  60   6   0   0  19   0   0   0   0   0   0   0  0.69 0.09
   24 K    -1   2  -1  -1  -3   1   0  -2  -1  -3  -3   5  -2  -4  -2   0   1  -4  -2  -3    0   8   0   0   0   0   0   0   0   0   0  79   0   0   0   0  12   0   0   0  0.62 0.08
   25 F    -3  -4  -4  -4  -3  -4  -4  -4  -2  -1   0  -4  -1   8  -5  -3  -3   0   3  -2    0   0   0   0   0   0   0   0   0   0   0   0   0 100   0   0   0   0   0   0  1.21 0.11
   26 S     1  -1   0  -1  -1  -1  -1  -1  -2  -1  -2   0  -2  -3  -1   4   3  -3  -2  -1    6   0   0   0   0   0   0   0   0   5   0   6   0   0   0  62  20   0   0   0  0.40 0.06
   27 V    -1  -3  -4  -4  -1  -3  -3  -4  -4   4   1  -3   1  -1  -3  -2  -1  -3  -2   4    0   0   0   0   0   0   0   0   0  34   0   0   0   0   0   0   0   0   0  66  0.52 0.07
   28 S    -1   4  -1  -2  -3   0  -1  -2   2   0  -2   2  -1  -3  -2   2   0  -3  -2  -1    0  43   0   0   0   0   0   0   9  13   0  10   0   0   0  23   2   0   0   0  0.33 0.05
   29 G     0  -3  -1  -2  -3  -2  -3   6  -3  -5  -4  -2  -3  -4  -3  -1  -2  -3  -4  -4    0   0   0   0   0   0   0 100   0   0   0   0   0   0   0   0   0   0   0   0  1.32 0.10
   30 E    -1   1  -1   0  -4   1   4  -3  -1  -3  -3   4  -2  -4  -2  -1  -1  -4  -2  -1    0   0   0   0   0   0  54   0   0   0   0  38   0   0   0   0   0   0   0   7  0.56 0.07
   31 G     0  -3  -1  -2  -3  -2  -3   6  -3  -5  -4  -2  -3  -4  -3  -1  -2  -3  -4  -4    0   0   0   0   0   0   0 100   0   0   0   0   0   0   0   0   0   0   0   0  1.32 0.10
   32 E    -1  -1  -1   0  -2   1   3  -3  -1   0  -1   0  -1  -2  -2   0   2  -2   1   1    0   0   0   0   0   6  39   0   0   8   0   0   0   0   0   0  25   0   6  16  0.25 0.05
   33 G     0  -3  -1  -2  -3  -2  -3   6  -3  -5  -4  -2  -3  -4  -3  -1  -2  -3  -4  -4    0   0   0   0   0   0   0 100   0   0   0   0   0   0   0   0   0   0   0   0  1.32 0.10
   34 D    -2  -2   3   6  -4  -1   1  -2  -1  -4  -4  -1  -4  -4  -2  -1  -1  -5  -4  -4    0   0  18  82   0   0   0   0   0   0   0   0   0   0   0   0   0   0   0   0  1.05 0.09
   35 A     5  -2  -2  -2  -1  -1  -1   1  -2  -2  -2  -1  -2  -3  -1   1   0  -3  -2  -1   87   0   0   0   0   0   0   5   0   0   0   0   0   0   0   8   0   0   0   0  0.55 0.08
   36 T     1  -1   0   1  -2  -1   1  -2  -2  -2  -2  -1  -2  -3  -1   2   4  -3  -2  -1    8   0   0   7   0   0  10   0   0   0   0   0   0   0   0  21  54   0   0   0  0.40 0.06
   37 Y    -1  -1   0  -2  -2   1  -1  -3   1  -1  -2   1  -1   0  -2   0   3   0   5   0    0   0   4   0   0   8   0   0   2   0   0  10   0   0   0   0  38   0  32   6  0.31 0.06
   38 G     0  -3  -1  -2  -3  -2  -3   6  -3  -5  -4  -2  -3  -4  -3  -1  -2  -3  -4  -4    0   0   0   0   0   0   0 100   0   0   0   0   0   0   0   0   0   0   0   0  1.32 0.10
   39 K    -1   1   0  -2  -3   0  -1  -3   1   0   1   3   0  -2  -2  -1   0  -3  -2   0    0   6   4   0   0   0   0   0   4   6  23  45   0   0   0   0   5   0   0   6  0.18 0.04
   40 L    -1  -3  -3  -4  -2  -2  -3  -4  -3   3   3  -3   3   0  -3  -2   0  -2  -2   2    0   0   0   0   0   0   0   0   0  31  36   0  12   0   0   0   8   0   0  12  0.34 0.04
   41 T    -1  -1   0   2  -2   0   3  -2   2  -1  -2   1  -2  -3  -2   0   2  -3  -2   0    0   0   0  12   0   0  28   0   8   0   0  10   0   0   0   3  29   0   0  10  0.27 0.04
   42 L     1  -2  -2  -2  -2  -2  -2   3  -3   0   2  -2   0  -1  -2   0   0  -3  -2   0   20   0   0   0   0   0   0  30   0   7  32   0   0   0   0   5   6   0   0   0  0.21 0.03
   43 K    -1   2  -1  -1  -4   2   0  -2  -1  -1  -2   6  -2  -3  -2  -1  -1  -4  -2  -2    0   0   0   0   0   6   0   0   0   8   0  86   0   0   0   0   0   0   0   0  0.62 0.09
   44 F    -3  -3  -3  -4  -3  -2  -3  -4   3  -1   0  -3  -1   6  -4  -3  -2   1   6  -2    0   0   0   0   0   0   0   0   8   0   4   0   0  47   0   0   0   0  41   0  0.81 0.08
   45 I    -1  -3  -3  -3  -1  -3  -3  -4  -3   4   2  -3   1   0  -3  -3  -1  -3  -1   3    0   0   0   0   0   0   0   0   0  95   5   0   0   0   0   0   0   0   0   0  0.40 0.01
   46 C    -1  -4  -3  -4   9  -3  -4  -3  -3  -1  -1  -3  -2  -3  -3  -1  -1  -3  -3  -1    0   0   0   0 100   0   0   0   0   0   0   0   0   0   0   0   0   0   0   0  1.28 0.01
   47 T     0  -1   0  -1  -1  -1  -1  -2  -2  -1  -1  -1  -1  -2  -1   1   5  -3  -2   0    0   0   0   0   0   0   0   0   0   0   0   0   0   0   0   0 100   0   0   0  0.50 0.01
   48 T     0  -1   0  -1  -1  -1  -1  -2  -2  -1  -1  -1  -1  -2  -1   2   5  -3  -2   0    0   0   0   0   0   0   0   0   0   0   0   0   0   0   0  12  88   0   0   0  0.46 0.01
   49 G     0  -2   0  -1  -3  -2  -2   6  -2  -4  -4  -2  -3  -3  -2   0  -2  -3  -3  -3    0   0   0   0   0   0   0 100   0   0   0   0   0   0   0   0   0   0   0   0  1.06 0.01
   50 K    -1   2   0  -1  -3   1   1  -2  -1  -3  -3   5  -1  -3  -1   0  -1  -3  -2  -2    0   0   0   0   0   0   0   0   0   0   0 100   0   0   0   0   0   0   0   0  0.54 0.01
   51 L    -2  -2  -4  -4  -1  -2  -3  -4  -3   2   4  -3   2   0  -3  -3  -1  -2  -1   1    0   0   0   0   0   0   0   0   0   0 100   0   0   0   0   0   0   0   0   0  0.47 0.01
   52 P    -1  -2  -2  -2  -3  -1  -1  -2  -2  -3  -3  -1  -3  -4   8  -1  -1  -4  -3  -3    0   0   0   0   0   0   0   0   0   0   0   0   0   0 100   0   0   0   0   0  2.07 0.01
   53 V     0  -3  -3  -3  -1  -2  -3  -3  -3   3   1  -2   1  -1  -3  -2   0  -3  -1   4    0   0   0   0   0   0   0   0   0   0   0   0   0   0   0   0   0   0   0 100  0.37 0.01
   54 P    -1  -2  -2  -2  -3  -1  -1  -2  -2  -3  -3  -1  -3  -4   8  -1  -1  -4  -3  -3    0   0   0   0   0   0   0   0   0   0   0   0   0   0 100   0   0   0   0   0  2.07 0.01
   55 W    -3  -3  -4  -4  -3  -2  -3  -3  -3  -3  -2  -3  -2   2  -4  -3  -3  11   2  -3    0   0   0   0   0   0   0   0   0   0   0   0   0   5   0   0   0  95   0   0  2.26 0.02
   56 P    -1  -2  -2  -2  -3  -1  -1  -2  -2  -3  -3  -1  -3  -4   8  -1  -1  -4  -3  -3    0   0   0   0   0   0   0   0   0   0   0   0   0   0 100   0   0   0   0   0  2.07 0.01
   57 T     0  -1   0  -1  -1  -1  -1  -2  -2  -1  -1  -1  -1  -2  -1   1   5  -3  -2   0    0   0   0   0   0   0   0   0   0   0   0   0   0   0   0   0 100   0   0   0  0.50 0.01
   58 L    -2  -2  -4  -4  -1  -2  -3  -4  -3   2   4  -3   2   0  -3  -3  -1  -2  -1   1    0   0   0   0   0   0   0   0   0   0 100   0   0   0   0   0   0   0   0   0  0.47 0.01
   59 V     0  -2  -3  -3  -1  -2  -2  -3  -3   2   1  -1   1  -1  -2  -2   0  -3  -1   4    0   0   0   0   0   0   0   0   0   0   0   6   0   0   0   0   0   0   0  94  0.30 0.01
   60 T     0  -1   0  -1  -1  -1  -1  -2  -2  -1  -1  -1  -1  -2  -1   1   5  -3  -2   0    0   0   0   0   0   0   0   0   0   0   0   0   0   0   0   0 100   0   0   0  0.50 0.01
   61 T     0  -1   0  -1  -1  -1  -1  -2  -2  -1  -1  -1  -1  -2  -1   1   5  -3  -2   0    0   0   0   0   0   0   0   0   0   0   0   0   0   0   0   0 100   0   0   0  0.50 0.01
   62 L    -2  -2  -4  -4  -2  -2  -3  -4  -3   1   4  -3   2   2  -3  -3  -1  -1   0   1    0   0   0   0   0   0   0   0   0   0  85   0   0  15   0   0   0   0   0   0  0.41 0.00
   63 Y    -2  -2  -2  -3  -3  -2  -2  -3   2  -2  -1  -2  -1   3  -3  -2  -2   7   6  -2    0   0   0   0   0   0   0   0   5   0   0   0   0   5   0   0   0  24  66   0  0.93 0.01
   64 V    -1  -3  -3  -3  -1  -2  -3  -3  -3   3   2  -2   2  -1  -3  -2   0  -3  -1   4    0   0   0   0   0   0   0   0   0  13  10   0   6   0   0   0   0   0   0  70  0.32 0.00
   65 Q    -1   1   0  -1  -3   5   2  -2   0  -2  -1   1   0  -3  -1   0   0  -2  -2  -2    0   0   0   0   0  90   0   0   0   0   5   0   0   0   0   0   5   0   0   0  0.56 0.01
   66 C    -1  -4  -3  -4   9  -3  -4  -3  -3  -1  -1  -3  -2  -3  -3  -1  -1  -3  -3  -1    0   0   0   0 100   0   0   0   0   0   0   0   0   0   0   0   0   0   0   0  1.28 0.01
   67 F    -2  -3  -3  -4  -3  -3  -3  -3  -1   0   0  -3   0   7  -4  -3  -2   1   3  -1    0   0   0   0   0   0   0   0   0   0   0   0   0 100   0   0   0   0   0   0  0.78 0.01
   68 S     3  -1   0  -1  -1  -1  -1   0  -1  -2  -2  -1  -1  -2  -1   3   1  -3  -2  -1   57   0   0   0   0   0   0   0   0   0   0   0   0   0   0  43   0   0   0   0  0.36 0.00
   69 R    -2   6  -1  -2  -4   1   0  -2   0  -3  -2   2  -1  -3  -2  -1  -1  -3  -2  -3    0 100   0   0   0   0   0   0   0   0   0   0   0   0   0   0   0   0   0   0  0.78 0.01
   70 Y    -2  -2  -2  -3  -3  -2  -2  -3   2  -1  -1  -2  -1   3  -3  -2  -2   2   7  -1    0   0   0   0   0   0   0   0   0   0   0   0   0   0   0   0   0   0 100   0  0.91 0.01
   71 P    -1  -2  -2  -2  -3  -1  -1  -2  -2  -3  -3  -1  -3  -4   8  -1  -1  -4  -3  -3    0   0   0   0   0   0   0   0   0   0   0   0   0   0 100   0   0   0   0   0  2.07 0.01
   72 D    -2  -1   1   6  -4   0   2  -2  -1  -3  -4   0  -3  -4  -2   0  -1  -4  -3  -3    0   0   0  80   0   0  13   0   0   0   0   6   0   0   0   0   0   0   0   0  0.78 0.01
   73 H    -2   0   1  -1  -3   0   0  -2   8  -3  -3  -1  -2  -1  -2  -1  -2  -3   2  -3    0   0   0   0   0   0   0   0 100   0   0   0   0   0   0   0   0   0   0   0  0.93 0.01
   74 M    -1  -2  -2  -3  -2  -1  -2  -3  -2   1   2  -2   6   0  -3  -2  -1  -2  -1   1    0   0   0   0   0   0   0   0   0   0   0   0 100   0   0   0   0   0   0   0  0.40 0.01
   75 K    -1   2   0  -1  -3   1   1  -2  -1  -3  -3   5  -1  -3  -1   0  -1  -3  -2  -2    0   0   0   0   0   0   0   0   0   0   0 100   0   0   0   0   0   0   0   0  0.54 0.01
   76 R     0   2  -1  -1  -3   4   1  -2   0  -2  -1   1   2  -2  -2   0  -1  -2  -1  -1    5  14   0   0   0  61   0   0   0   0   0   0  20   0   0   0   0   0   0   0  0.36 0.01
   77 H    -2   0   3  -1  -3   0   0  -2   7  -3  -3  -1  -2  -2  -2  -1  -1  -3   1  -3    0   0  20   0   0   0   0   0  80   0   0   0   0   0   0   0   0   0   0   0  0.74 0.01
   78 D    -2  -2   1   6  -4   0   2  -1  -1  -3  -4  -1  -3  -4  -2   0  -1  -4  -3  -3    0   0   0 100   0   0   0   0   0   0   0   0   0   0   0   0   0   0   0   0  0.96 0.01
   79 F    -2  -3  -3  -4  -3  -3  -3  -3  -1   0   0  -3   0   7  -4  -3  -2   1   3  -1    0   0   0   0   0   0   0   0   0   0   0   0   0 100   0   0   0   0   0   0  0.78 0.01
   80 F    -2  -3  -3  -4  -3  -3  -3  -3  -1   0   0  -3   0   7  -4  -3  -2   1   3  -1    0   0   0   0   0   0   0   0   0   0   0   0   0 100   0   0   0   0   0   0  0.78 0.01
   81 K    -1   2   0  -1  -3   1   1  -2  -1  -3  -3   5  -1  -3  -1   0  -1  -3  -2  -2    0   0   0   0   0   0   0   0   0   0   0 100   0   0   0   0   0   0   0   0  0.54 0.01
   82 S     1  -1   1   0  -1   0   0   0  -1  -3  -3   0  -2  -3  -1   4   1  -3  -2  -2    0   0   0   0   0   0   0   0   0   0   0   0   0   0   0 100   0   0   0   0  0.48 0.01
   83 A     4  -2  -2  -2   0  -1  -1   0  -2  -1  -1  -1  -1  -2  -1   1   0  -3  -2   0   95   0   0   0   0   0   0   0   0   0   0   0   0   0   0   0   0   0   0   5  0.38 0.01
   84 M    -1  -2  -2  -3  -2  -1  -2  -3  -2   1   2  -2   6   0  -3  -2  -1  -2  -1   1    0   0   0   0   0   0   0   0   0   0   0   0 100   0   0   0   0   0   0   0  0.40 0.01
   85 P    -1  -2  -2  -2  -3  -1  -1  -2  -2  -3  -3  -1  -3  -4   8  -1  -1  -4  -3  -3    0   0   0   0   0   0   0   0   0   0   0   0   0   0 100   0   0   0   0   0  2.07 0.01
   86 E    -1   0   0   2  -4   2   5  -2   0  -3  -3   1  -2  -3  -1   0  -1  -3  -2  -3    0   0   0   0   0   0 100   0   0   0   0   0   0   0   0   0   0   0   0   0  0.76 0.01
   87 G     0  -2   0  -1  -3  -2  -2   6  -2  -4  -4  -2  -3  -3  -2   0  -2  -3  -3  -3    0   0   0   0   0   0   0 100   0   0   0   0   0   0   0   0   0   0   0   0  1.06 0.01
   88 Y    -2  -2  -2  -3  -3  -2  -2  -3   2  -1  -1  -2  -1   3  -3  -2  -2   2   7  -1    0   0   0   0   0   0   0   0   0   0   0   0   0   0   0   0   0   0 100   0  0.91 0.01
   89 V    -1  -3  -3  -3  -1  -2  -3  -3  -3   3   1  -3   1  -1  -3  -2   0  -3  -1   4    0   0   0   0   0   0   0   0   0  26   0   0   0   0   0   0   0   0   0  74  0.35 0.01
   90 Q    -2   1  -1  -1  -4   7   1  -3   0  -4  -3   2  -1  -4  -2  -1  -1  -3  -2  -3    0   0   0   0   0  92   0   0   0   0   0   8   0   0   0   0   0   0   0   0  0.97 0.12
   91 E    -1  -1  -1   2  -4   1   6  -3  -1  -4  -3   0  -3  -4  -2   0   1  -4  -3  -3    0   0   0  10   0   0  80   0   0   0   0   0   0   0   0   0  10   0   0   0  0.78 0.08
   92 R    -2   7  -1  -2  -4   1  -1  -3  -1  -4  -3   2  -2  -4  -3  -1  -2  -3  -2  -3    0  94   0   0   0   0   0   0   0   0   0   6   0   0   0   0   0   0   0   0  1.04 0.10
   93 T    -1  -1  -1  -2  -2  -1  -1  -2   2   0  -1   1  -1  -2  -2   0   5  -3  -2   0    0   0   0   0   0   0   0   0  10  10   0  13   0   0   0   0  68   0   0   0  0.41 0.07
   94 I    -1  -3  -3  -3  -2  -3  -3  -3  -3   5   1  -3   0  -1  -3   1  -1  -3  -2   2    0   0   0   0   0   0   0   0   0  82   0   0   0   0   0  18   0   0   0   0  0.45 0.08
   95 F    -1  -2   1  -1  -2  -1  -1  -2   3  -2  -1  -1  -1   3  -2   2   2  -2   0  -2    0   0   8   0   0   0   0   0  12   0   4   0   0  26   0  32  19   0   0   0  0.24 0.05
   96 F    -3  -3  -4  -4  -3  -4  -4  -4  -1  -1   0  -4  -1   7  -4  -3  -3   1   4  -2    0   0   0   0   0   0   0   0   0   0   0   0   0  87   0   0   0   0  13   0  1.08 0.10
   97 K    -1   0   0   3  -4   2   4  -2  -1  -2  -3   3  -2  -3  -2  -1  -1  -4  -2  -1    0   0   0  18   0   7  36   0   0   0   0  29   0   0   0   0   0   0   0  10  0.42 0.05
   98 D    -2  -2   3   5  -4  -1   0   2  -1  -4  -4  -1  -3  -4  -2   0  -1  -4  -4  -4    0   0  17  60   0   0   0  23   0   0   0   0   0   0   0   0   0   0   0   0  0.75 0.07
   99 D    -3  -2   1   7  -4  -1   1  -2  -2  -4  -5  -1  -4  -4  -2  -1  -2  -5  -4  -4    0   0   0 100   0   0   0   0   0   0   0   0   0   0   0   0   0   0   0   0  1.29 0.11
  100 G     0  -3  -1  -2  -3  -2  -3   6  -3  -5  -4  -2  -3  -4  -3  -1  -2  -3  -4  -4    0   0   0   0   0   0   0 100   0   0   0   0   0   0   0   0   0   0   0   0  1.32 0.10
  101 N     0   0   3   0  -2   2   1  -2  -1  -1  -2   1  -1  -3  -2   0   0  -3  -2   1    6   0  31   0   0  10  10   0   0   0   0  15   0   0   0   5   2   0   0  21  0.21 0.04
  102 Y    -2  -3  -3  -4  -3  -2  -3  -4   1  -1   0  -3  -1   3  -4  -3  -2   1   8  -1    0   0   0   0   0   0   0   0   0   0  13   0   0   6   0   0   0   0  81   0  1.03 0.10
  103 K    -1   1   0   1  -3   1   2  -2  -1  -3  -3   4  -2  -4  -2   0   2  -4  -2  -2    0   2   0  10   0   0  13   0   0   0   0  57   0   0   0   0  18   0   0   0  0.44 0.06
  104 T     0  -2  -1  -2  -1  -1  -1  -2  -2   0  -1  -1  -1  -2  -2   2   5  -3  -2   1    0   0   0   0   0   0   0   0   0   0   0   0   0   0   0  20  63   0   0  16  0.45 0.07
  105 R     0   6  -1  -2  -3   0  -1  -2  -1  -2  -2   2  -2  -3  -2  -1  -1  -3  -2   0   13  68   0   0   0   0   0   0   0   0   0  10   0   0   0   0   0   0   0  10  0.58 0.07
  106 A     4  -2  -1  -2  -1  -1  -1   2   4  -2  -2  -1  -2  -3  -2   0  -1  -3  -1  -1   69   0   0   0   0   0   0  13  18   0   0   0   0   0   0   0   0   0   0   0  0.45 0.07
  107 E    -1   0  -1   0  -3   1   4  -3  -1  -1  -1   2   1  -3  -2  -1   1  -3  -2   0    0   0   0   0   0   0  45   0   0   0   0  23   9   0   0   0  10   0   0  14  0.31 0.05
  108 V    -1  -3  -4  -4  -1  -3  -3  -4  -4   3   1  -3   1  -1  -3  -2  -1  -3  -2   4    0   0   0   0   0   0   0   0   0  26  10   0   0   0   0   0   0   0   0  65  0.47 0.06
  109 K    -1   0  -1  -1  -2   0  -1  -2  -2  -2  -2   3  -1  -3  -2   0   5  -3  -2  -1    0   0   0   0   0   0   0   0   0   0   0  39   0   0   0   0  61   0   0   0  0.50 0.08
  110 F    -2  -3  -3  -4  -3  -3  -3  -4   0  -1   0  -3   1   6  -4  -3  -2   1   6  -1    0   0   0   0   0   0   0   0   0   0   6   0   6  45   0   0   0   0  43   0  0.79 0.08
  111 E    -2  -1  -1   1  -5   1   6  -3  -1  -4  -4   0  -3  -4  -2  -1  -2  -4  -3  -3    0   0   0   0   0   0 100   0   0   0   0   0   0   0   0   0   0   0   0   0  1.05 0.11
  112 G    -1   1   4   1  -3  -1  -1   4   2  -4  -4  -1  -3  -3  -2   1  -1  -3  -2  -3    0   9  29   5   0   0   0  39   6   0   0   0   0   0   0  13   0   0   0   0  0.47 0.05
  113 D    -1  -3   0   4  -3  -2  -1   5  -2  -4  -4  -2  -3  -4  -2  -1  -2  -4  -4  -4    0   0   0  39   0   0   0  61   0   0   0   0   0   0   0   0   0   0   0   0  0.85 0.07
  114 T     1  -2  -1  -2   3  -1  -1  -2  -2  -1  -2  -1  -1  -3  -2   2   4  -3  -2   0   13   0   0   0   8   0   0   0   0   0   0   0   0   0   0  21  49   0   0  10  0.35 0.06
  115 L    -2  -3  -4  -4  -2  -3  -4  -4  -4   4   3  -3   1   0  -3  -3  -1  -3  -2   2    0   0   0   0   0   0   0   0   0  45  49   0   0   0   0   0   0   0   0   6  0.48 0.06
  116 V    -2  -3  -3  -4  -2  -2  -3  -4   0   1  -1  -3  -1   1  -3  -2  -1   0   6   3    0   0   0   0   0   0   0   0   0   0   0   0   0   0   0   0   0   0  55  45  0.63 0.09
  117 N    -2  -1   7   1  -4  -1  -1  -1   0  -4  -4  -1  -3  -4  -3   0  -1  -5  -3  -4    0   0 100   0   0   0   0   0   0   0   0   0   0   0   0   0   0   0   0   0  1.14 0.12
  118 R    -2   7  -1  -2  -4   0  -1  -3  -1  -4  -3   2  -2  -4  -3  -1  -2  -4  -2  -3    0 100   0   0   0   0   0   0   0   0   0   0   0   0   0   0   0   0   0   0  1.13 0.11
  119 I    -1  -3  -4  -4  -1  -3  -3  -4  -4   4   1  -3   1  -1  -3  -3  -1  -3  -2   4    0   0   0   0   0   0   0   0   0  49   0   0   0   0   0   0   0   0   0  51  0.52 0.07
  120 E     0   0   1   0  -2   1   3  -2  -1  -2  -2   2  -2  -3  -2   1   2  -3  -2   0    2   0   6   0   0   0  34   0   0   0   0  16   0   0   0   6  28   0   0   8  0.30 0.04
  121 L    -1  -3  -4  -4  -2  -3  -3  -4  -3   2   4  -3   1   0  -3  -3  -1  -2  -2   3    0   0   0   0   0   0   0   0   0   8  65   0   0   0   0   0   0   0   0  27  0.46 0.05
  122 K    -1   1   3   1  -3   0   0  -2  -1  -3  -3   4  -2  -4  -2   0   1  -4  -2  -3    0   0  24   5   0   0   0   0   0   0   0  60   0   0   0   0  11   0   0   0  0.48 0.07
  123 G     0  -3  -1  -2  -3  -2  -3   6  -2  -4  -4  -2  -3  -4  -3  -1  -2  -3  -4  -4    0   0   0   0   0   0   0 100   0   0   0   0   0   0   0   0   0   0   0   0  1.19 0.05
  124 I    -1  -1  -1  -1  -2   1   2  -3  -1   2   0   0   0  -2  -2   0   2  -3  -2   1    0   0   0   0   0   9  25   0   0  31   0   6   3   0   0   0  22   0   0   4  0.16 0.02
  125 D    -1  -2   2   5  -3  -1   0   4  -1  -4  -4  -1  -3  -4  -2   0  -1  -4  -3  -4    0   0  12  50   0   0   0  37   0   0   0   0   0   0   0   0   0   0   0   0  0.66 0.03
  126 F    -3  -3  -4  -4  -3  -4  -4  -4  -2  -1   0  -4   0   7  -4  -3  -3   1   3  -1    0   0   0   0   0   0   0   0   0   0   0   0   0 100   0   0   0   0   0   0  1.00 0.06
  127 K    -1   2  -1  -1  -4   1   1  -2  -1  -3  -3   6  -2  -4  -1  -1  -1  -4  -2  -3    0   0   0   0   0   0   0   0   0   0   0 100   0   0   0   0   0   0   0   0  0.70 0.06
  128 E    -1   1   0   1  -3   1   4  -2  -1  -3  -3   3  -2  -3  -1   1  -1  -3  -2  -3    0   0   0   3   0   0  51   0   0   0   0  31   0   0   0  15   0   0   0   0  0.49 0.03
  129 D    -1  -2   3   6  -4  -1   1  -1  -1  -4  -4  -1  -3  -4  -2   0  -1  -5  -3  -3    3   0  15  82   0   0   0   0   0   0   0   0   0   0   0   0   0   0   0   0  0.90 0.05
  130 G     0  -3  -1  -2  -3  -2  -3   6  -2  -4  -4  -2  -3  -4  -3  -1  -2  -3  -4  -4    0   0   0   0   0   0   0 100   0   0   0   0   0   0   0   0   0   0   0   0  1.19 0.05
  131 N    -2  -1   6   0  -3   0  -1  -1   5  -3  -1  -1  -2  -2  -3   0  -1  -4  -1  -3    0   0  69   0   0   0   0   0  22   0   9   0   0   0   0   0   0   0   0   0  0.60 0.05
  132 I    -2  -3  -4  -4  -2  -3  -4  -4  -4   5   1  -3   1   0  -3  -3  -1  -3  -2   3    0   0   0   0   0   0   0   0   0  91   0   0   0   0   0   0   0   0   0   9  0.52 0.05
  133 L    -2  -3  -4  -4  -2  -3  -3  -4  -3   1   5  -3   2   0  -3  -3  -2  -2  -1   1    0   0   0   0   0   0   0   0   0   0 100   0   0   0   0   0   0   0   0   0  0.58 0.04
  134 G     0   1  -1  -2  -3   1  -1   6  -2  -4  -4  -1  -3  -4  -2  -1  -2  -3  -3  -3    0  12   0   0   0   9   0  78   0   0   0   0   0   0   0   0   0   0   0   0  0.81 0.04
  135 H    -2   0   1  -1  -3   0   0  -2   7  -2  -2   3   2  -2  -2  -1  -1  -3   0  -2    0   0   3   0   0   0   0   0  50   0   0  31  15   0   0   0   0   0   0   0  0.49 0.04
  136 K    -1   3   3   0  -3   2   0  -2   0  -3  -3   4  -2  -3  -2   0  -1  -3  -2  -3    0  15  22   0   0   9   0   0   0   0   0  54   0   0   0   0   0   0   0   0  0.47 0.03
  137 L    -1  -2  -3  -4  -1  -2  -3  -4  -2   2   3  -3   2   0  -3  -2  -1  -1   1   2    0   0   0   0   0   0   0   0   0   0  60   0   3   0   0   0   0   0   9  28  0.35 0.03
  138 E     0  -1  -1   1  -3   1   5  -2  -1  -2   0   0  -1  -3  -2   0  -1  -3  -2  -2   12   0   0   0   0   0  72   0   0   0  15   0   0   0   0   0   0   0   0   0  0.46 0.04
  139 Y    -2  -2  -3  -4  -3  -2  -3  -4   1  -1  -1  -3  -1   5  -4  -2  -2   2   7  -1    0   0   0   0   0   0   0   0   0   0   0   0   0  31   0   0   0   0  69   0  0.92 0.05
  140 N    -1  -1   5   0   3   2   0  -1   4  -3  -3   0  -2  -3  -2   1   0  -3  -1  -3    0   0  54   0   9  12   0   0  15   0   0   0   0   0   0   9   0   0   0   0  0.48 0.04
  141 Y     0  -2  -2  -3   5  -2  -2  -1   1  -1  -1  -2   0   3  -3   1  -1   0   4  -1   10   0   0   0  22   0   0   3   3   0   0   0   6  19   0  15   0   0  23   0  0.28 0.02
  142 N    -1  -2   4   0  -3  -1  -1  -2  -1   0  -2  -1  -2  -3   5   0   1  -4  -3  -1    0   0  38   0   0   0   0   0   0  15   0   0   0   0  37   0   9   0   0   0  0.63 0.03
  143 S     0  -2   1  -1  -2  -1   0  -1   0  -2  -3  -1  -2  -3   5   2   0  -4  -2  -1    3   0   9   0   0   0   3   0   3   0   0   0   0   0  37  38   0   0   0   6  0.63 0.03
  144 H    -1  -1   0   1  -3   0   0   1   7  -4  -3  -1  -2  -2  -2   1  -1   2   1  -3    0   0   0   9   0   0   0   9  59   0   0   0   0   0   0  18   0   3   0   0  0.58 0.04
  145 N     1  -1   4   0   3  -1  -1  -1  -1   0  -1  -1   0  -2  -2   0  -1  -3  -1  -1   17   0  45   3   9   0   0   0   0  14   3   0   6   0   0   0   0   0   3   0  0.21 0.03
  146 V     0  -3  -3  -4  -1  -3  -3  -3  -3   3   2  -3   1  -1  -3  -2  -1  -3  -2   4    7   0   0   0   0   0   0   0   0   8  18   0   0   0   0   0   0   0   0  67  0.37 0.05
  147 Y    -2  -2  -1  -4  -3  -2  -3  -4   1  -2  -2  -2  -2   3  -4  -2  -2   2   8  -2    0   0   4   0   0   0   0   0   0   0   0   0   0   0   0   0   0   0  96   0  1.20 0.10
  148 I    -2  -4  -4  -4  -2  -3  -4  -4  -4   5   1  -3   1  -1  -3  -3  -1  -3  -2   3    0   0   0   0   0   0   0   0   0  92   0   0   0   0   0   0   0   0   0   8  0.60 0.07
  149 M    -1  -2  -2  -3  -2  -2  -2  -3  -3   1   3  -2   4   0  -3  -1   2   5  -1   0    0   0   0   0   0   0   0   0   0   0  38   0  26   0   0   0  25  10   0   0  0.35 0.05
  150 A     3  -2  -2  -2  -2  -2  -1   1  -2  -3  -3  -1  -2  -3   6   0   0  -4  -3  -2   39   0   0   0   0   0   0  10   0   0   0   0   0   0  48   0   3   0   0   0  0.89 0.05
  151 D    -2  -2   1   7  -4  -1   1  -2  -2  -4  -4  -1  -4  -4  -2  -1  -2  -5  -4  -4    0   0   0 100   0   0   0   0   0   0   0   0   0   0   0   0   0   0   0   0  1.21 0.09
  152 K    -1   3   0  -1  -3   2   0  -2  -1  -3  -3   4  -2  -3  -2   0   1  -3  -2  -2    0  16   0   0   0  10   0   0   0   0   0  60   0   0   0   0  14   0   0   0  0.49 0.05
  153 Q     1   0  -1  -1  -2   4   2  -2  -1  -1  -2   2  -1  -3  -2   0  -1  -3  -2   0   22   0   0   0   0  39   8   0   0   0   0  16   0   0   0   0   0   0   0  14  0.29 0.04
  154 K    -2   1   5   0  -3   0   0  -1   0  -4  -4   4  -2  -4  -2   0  -1  -4  -3  -3    0   0  58   0   0   0   0   0   0   0   0  42   0   0   0   0   0   0   0   0  0.63 0.07
  155 N    -2  -1   6   0  -3  -1  -1   2   3  -4  -4  -1  -3  -3  -3   0  -1  -4  -2  -4    0   0  74   0   0   0   0  16  10   0   0   0   0   0   0   0   0   0   0   0  0.73 0.07
  156 G     0  -3  -1  -2  -3  -2  -3   6  -3  -4  -4  -2  -3  -4  -3  -1  -2  -3  -4  -4    0   0   0   0   0   0   0 100   0   0   0   0   0   0   0   0   0   0   0   0  1.26 0.08
  157 I    -2  -3  -4  -4  -2  -3  -3  -4  -3   4   3  -3   3   0  -3  -3  -1  -3  -2   2    0   0   0   0   0   0   0   0   0  56  28   0  16   0   0   0   0   0   0   0  0.43 0.05
  158 K    -2   4   1  -1  -4   1   1  -2  -1  -4  -3   4  -2  -4  -2  -1  -1  -4  -2  -3    0  36   9   0   0   0   6   0   0   0   0  49   0   0   0   0   0   0   0   0  0.64 0.09
  159 V     2  -3  -3  -3   3  -2  -2  -2  -3   2   0  -2   0  -2  -2   0   0  -3  -2   3   30   0   0   0   9   0   0   0   0  18   0   0   0   0   0   7   0   0   0  36  0.27 0.06
  160 N     0  -1   4   0  -3   0   3  -2   0   0  -1  -1  -1  -2  -2  -1  -1  -3  -1  -1    7   0  30   0   0   0  39   0   2   9   6   0   0   0   0   0   0   0   3   5  0.29 0.07
  161 F    -3  -3  -4  -4  -3  -3  -4  -4  -1   1   0  -3  -1   6  -4  -3  -3   1   5  -1    0   0   0   0   0   0   0   0   0   8   0   0   0  63   0   0   0   0  29   0  0.95 0.12
  162 K    -1   1   3  -1   3   0   0  -1  -1  -2  -3   3  -2  -3  -2   0   0  -4  -2  -1    0   7  27   0   8   2   2   2   0   0   0  35   0   0   0   6   3   0   0   9  0.28 0.06
  163 T    -1   0   2  -1  -2   1  -1  -2  -2   2   0   2   0  -2  -2  -1   1  -3  -2   0    2   0  13   0   0  10   0   0   0  32   2  28   0   0   0   0  10   0   0   2  0.16 0.06
  164 R     1   3  -1  -2   2  -1  -1  -3   0   1   1   0   0  -2  -3  -1  -1  -3  -2   1   16  30   2   0   7   0   3   0   2  18  17   0   0   0   0   0   0   0   0   5  0.15 0.05
  165 H    -2  -2  -1  -2   0  -1  -2  -3   7  -2  -2  -2  -2   3  -3   0   0  -1   4  -2    0   0   0   0   2   0   0   0  41   0   0   0   0  17   0   9   8   0  23   0  0.61 0.10
  166 N    -2  -1   4   4  -4   0   2  -2  -1  -4  -4   0  -3  -4   3   0  -1  -4  -3  -3    0   0  36  27   0   0  18   0   0   0   0   6   0   0  14   0   0   0   0   0  0.60 0.07
  167 I    -1  -3  -2  -3  -1  -2  -3  -3  -3   4   1  -2   0  -1  -3  -1   3  -3  -2   3    0   0   0   0   0   0   0   0   0  41   6   0   0   0   0   0  32   0   0  22  0.35 0.07
  168 E    -1   0  -1   0  -3   1   4  -3  -1  -1  -2   3   2  -3  -2  -1  -1  -3  -2   0    2   0   0   0   0   0  46   0   0   0   0  28  12   0   0   0   2   0   0  10  0.38 0.07
  169 D    -2  -2   0   6  -4  -1   0   3  -2  -4  -4  -2  -4  -4  -2  -1  -2  -4  -4  -4    0   0   0  70   0   0   0  30   0   0   0   0   0   0   0   0   0   0   0   0  0.92 0.10
  170 G     0  -3  -1  -2  -3  -2  -1   6  -3  -3  -4  -2  -3  -4  -3  -1  -2  -3  -4  -2    0   0   0   0   0   0   6  89   0   0   0   0   0   0   0   0   0   0   0   5  1.07 0.11
  171 S     0  -2   0   1  -2  -1  -1   4   2  -3  -3  -1  -3  -3  -2   2   1  -3  -2  -3    0   0   0  10   0   0   0  48   7   0   0   0   0   0   0  24  11   0   0   0  0.51 0.06
  172 V    -1  -2  -2  -2  -2  -1   1  -3   4   0  -1  -2  -1   0  -3  -2  -1  -1   5   3    0   0   0   0   0   0  11   0  18   0   0   0   0   0   0   0   0   0  32  39  0.38 0.08
  173 Q    -1   0  -1  -1  -3   6   1  -3   2  -2  -1   2  -1  -3  -2  -1  -1  -3  -2   0    0   0   0   0   0  66   0   0   6   0   3  11   0   0   0   0   0   0   0  14  0.57 0.11
  174 L     1  -2  -3  -4  -1  -2  -3  -3  -3   1   3  -2   3   0  -3  -2  -1  -2  -2   2   13   0   0   0   0   0   0   0   0   0  49   0  14   0   0   0   0   0   0  24  0.32 0.05
  175 A     4  -2  -2  -2  -1  -1  -2  -1  -2   1  -1  -1  -1  -2  -2   1   1  -3  -2   0   80   0   0   0   0   0   0   0   0  13   0   0   0   0   0   0   7   0   0   0  0.43 0.08
  176 D    -1   3   0   6  -4   0   1  -2  -1  -4  -4   0  -3  -3  -2  -1  -2  -4  -2  -3    7  27   0  64   0   0   0   0   0   0   0   0   0   0   0   0   0   0   2   0  0.70 0.08
  177 H    -1  -1   0  -2  -3  -1  -1  -3   8   0  -2  -2  -1  -2  -3  -1   1  -3   1  -2    3   0   0   0   0   0   0   0  69  13   0   0   0   0   0   0  15   0   0   0  0.77 0.11
  178 Y     0   0  -1   1  -3   1   0  -2   0  -2  -2  -1  -2   1  -2  -1   0   0   5  -2   14   8   0  13   0   8   7   0   0   0   0   0   0   0   0   0   9   0  42   0  0.33 0.06
  179 Q    -2   0  -1  -1  -4   7   1  -3   0  -4  -3   1  -1  -4  -2  -1  -1  -3  -2  -3    0   0   0   0   0 100   0   0   0   0   0   0   0   0   0   0   0   0   0   0  1.10 0.14
  180 Q    -1  -1  -2  -2  -2   4   0  -3  -1   0   0  -1   2   2  -2  -1   0  -2  -1   2    0   0   0   0   0  41   0   0   0   0   0   0   9  14   0   0   8   0   0  28  0.25 0.07
  181 N    -2  -1   7   0  -3  -1  -1  -1   0   0  -3  -1  -2  -3  -3   0  -1  -4  -3  -2    0   0  87   0   0   0   0   0   0  13   0   0   0   0   0   0   0   0   0   0  0.84 0.11
  182 T    -1   3  -1  -2  -2   0  -1  -2  -2  -1  -2   2  -1  -3  -2   0   4  -3  -2   0    0  22   0   0   0   0   0   0   0   0   0  15   0   0   0   0  54   0   0   9  0.37 0.06
  183 P    -2  -3  -3  -2  -4  -2  -2  -3  -3  -4  -4  -2  -3  -5   8  -2  -2  -5  -4  -3    0   0   0   0   0   0   0   0   0   0   0   0   0   0 100   0   0   0   0   0  2.31 0.13
  184 I    -2  -3  -4  -4  -2  -3  -4  -4  -4   4   3  -3   1   0  -3  -3  -1  -3  -2   2    0   0   0   0   0   0   0   0   0  57  43   0   0   0   0   0   0   0   0   0  0.50 0.06
  185 G     0  -2  -1  -2  -3  -2  -2   6  -2  -4  -4  -2  -3  -4  -2   2  -1  -3  -3  -3    0   0   0   0   0   0   0  78   0   0   0   0   0   0   0  22   0   0   0   0  0.92 0.08
  186 D     1  -2   0   5  -3   1   1   2  -2  -3  -4  -1  -3  -4  -2   0  -1  -4  -3  -3   17   0   0  55   0  11   0  17   0   0   0   0   0   0   0   0   0   0   0   0  0.55 0.06
  187 G    -1  -3  -1  -2  -3  -2  -3   6  -3  -4  -4  -2  -3  -3  -3  -1  -2   6  -2  -4    0   0   0   0   0   0   0  85   0   0   0   0   0   0   0   0   0  15   0   0  1.17 0.09
  188 P    -1  -2  -2  -1  -3  -1   1  -3  -2  -2  -3  -1  -3  -4   7   0  -1  -4  -3  -1    0   0   0   0   0   0  15   0   0   0   0   0   0   0  71   5   0   0   0   8  1.40 0.09
  189 V     0  -2  -2  -2  -2  -1   1  -3  -2   1   0  -2   0  -2  -2   0   1  -3  -2   4    0   0   0   0   0   0  15   0   0   0   0   0   0   0   0  11  11   0   0  63  0.25 0.06
  190 L    -2  -2  -1   2  -2  -2  -1  -3   2   1   3  -2   1  -1  -3  -2  -1  -3  -1   1    0   0   0  23   0   0   0   0   9   2  55   0   0   0   0   0   0   0   0  11  0.25 0.05
  191 L    -2  -3  -3  -3  -2  -2  -3  -4  -2   2   2  -2   1   0   4  -2  -1  -1   2   1    0   0   0   0   0   0   0   0   0  16  37   0   0   0  22   0   0   0  15   9  0.39 0.04
  192 P    -1  -3  -3  -2  -3  -2  -2  -3  -3  -2  -2  -2   4  -3   7  -2  -2  -4  -3  -2    0   0   0   0   0   0   0   0   0   0   0   0  22   0  78   0   0   0   0   0  1.61 0.11
  193 D    -1  -2   1   4  -3  -1   1  -2  -2   0   0  -1   1  -2  -2   0   2  -3  -2  -1    0   0   8  37   0   0   9   0   0   9   7   0   8   0   0   0  22   0   0   0  0.29 0.04
  194 N    -2  -1   5   0  -3  -1  -1  -2   3  -3  -3   1  -2   0  -3   0  -1  -1   5  -3    0   0  44   0   0   0   0   0  11   0   0  11   0   0   0   2   0   0  32   0  0.51 0.07
  195 H    -2  -1   0  -2  -4   0  -1  -3   9  -3  -1  -2  -2  -2  -3  -2  -2  -3   1  -3    0   0   0   0   0   0   0   0  89   0  11   0   0   0   0   0   0   0   0   0  1.18 0.13
  196 Y    -2  -2  -2  -3   0  -1  -2  -3   6  -3  -2  -2  -2   2  -3  -2  -2   1   7  -2    0   0   0   0   2   0   0   0  32   0   0   0   0   0   0   0   0   0  66   0  0.99 0.11
  197 L    -2  -2   0  -3  -2  -2  -3  -4   2   3   3  -3   2   0  -3  -2  -1  -3  -1   1    0   0   8   0   0   0   0   0   9  23  53   0   7   0   0   0   0   0   0   0  0.33 0.07
  198 S     0  -1   0  -1  -2   0  -1  -2   4  -3  -3   1  -2  -2  -2   4   2  -2   2  -2    0   0   0   0   0   0   0   0  16   0   0  13   0   0   0  52  11   0   8   0  0.39 0.09
  199 T     0  -2  -1  -2   0  -1  -2  -2  -1  -1  -1   0  -1   1  -2   2   2  -1   4   1    5   0   0   0   2   0   0   0   0   0   0   5   0   3   0  21  23   0  27  15  0.24 0.06
  200 Q    -1   0  -1  -1  -3   4   0   0   4  -4  -3   2  -2  -3  -2   0  -1   5  -1  -3    0   0   0   0   0  36   0   5  17   0   0  22   0   0   0   8   0  11   0   0  0.51 0.09
  201 S     0  -2  -1  -2  -1  -1  -2  -2  -2   1  -1  -2  -1   1  -2   3   3  -3  -1   2    0   0   0   0   0   0   0   0   0   6   0   0   0   9   0  34  28   0   0  23  0.25 0.07
  202 A     1   0   0   2  -3   1   2  -2  -1  -1  -2   3  -2  -3  -2   1  -1  -3  -2  -1   16   0   0  15   0   2  17   0   0   5   0  29   0   0   0  11   0   0   0   4  0.25 0.05
  203 L    -2  -3  -3  -4  -2  -1  -3  -4  -2   1   4  -3   1   2  -3  -3  -2  -1   3   0    0   0   0   0   0   3   0   0   0   7  65   0   0   6   0   0   0   0  18   0  0.44 0.07
  204 S     0  -2   0  -1  -2  -1  -1  -1  -2  -3  -3  -1  -2   0  -2   5   1  -3  -2  -2    0   0   0   0   0   0   0   0   0   0   0   0   0   5   0  95   0   0   0   0  0.70 0.13
  205 K    -1   1  -1  -1  -3   1   0  -2  -2  -3  -3   6  -2  -4  -2  -1   1  -4  -3  -3    0   0   0   0   0   0   0   0   0   0   0  86   0   0   0   0  14   0   0   0  0.70 0.11
  206 D    -3  -2   1   7  -4  -1   1  -2  -2  -4  -5  -1  -4  -4  -2  -1  -2  -5  -4  -4    0   0   0 100   0   0   0   0   0   0   0   0   0   0   0   0   0   0   0   0  1.36 0.14
  207 P     1   2  -2  -2  -3  -1  -1  -2  -2  -2  -1  -1  -2  -3   6  -1  -1  -4  -3   0   18  20   0   0   0   0   0   0   0   0   6   0   0   0  48   0   0   0   0   8  0.80 0.08
  208 N    -2  -1   6   2  -3   0   2  -1   0  -4  -4  -1  -3  -4  -2   0   1  -4  -3  -3    0   0  66  12   0   0  14   0   0   0   0   0   0   0   0   0   8   0   0   0  0.73 0.10
  209 E    -2  -1  -1   2  -5   1   6  -3  -1  -4  -4   0  -3  -4  -2  -1  -2  -4  -3  -3    0   0   0   8   0   0  92   0   0   0   0   0   0   0   0   0   0   0   0   0  1.02 0.12
  210 K     0   3   1  -1  -3   1   0  -2   2  -2  -2   3  -2  -3  -2   0   2  -3  -2  -2    7  19   7   0   0   3   2   0   8   0   0  26   0   0   0   0  27   0   0   0  0.31 0.05
  211 R    -2   6  -1  -2  -4   0  -1  -3  -1  -4  -3   3  -2  -4  -3  -1  -2  -4  -2  -3    0  86   0   0   0   0   0   0   0   0   0  14   0   0   0   0   0   0   0   0  1.01 0.12
  212 D    -2  -2   1   7  -4  -1   2  -2  -2  -4  -4  -1  -4  -4  -2  -1  -2  -5  -4  -4    0   0   0  90   0   0  10   0   0   0   0   0   0   0   0   0   0   0   0   0  1.20 0.12
  213 H    -3  -1   2  -2  -4   0  -1  -3   9  -4  -4  -2  -3  -2  -3  -2  -2  -3   1  -4    0   0   8   0   0   0   0   0  92   0   0   0   0   0   0   0   0   0   0   0  1.47 0.16
  214 M    -2  -3  -3  -4  -2  -2  -3  -4  -3   3   1  -2   7  -1  -3  -2  -1  -3  -2   1    0   0   0   0   0   0   0   0   0  33   0   0  65   0   0   0   2   0   0   0  0.67 0.13
  215 V    -1  -3   0  -3   5  -2  -3  -3  -3   3   0  -2   0  -2  -3   0   0  -3  -2   3    0   0   6   0  16   0   0   0   0  20   0   0   0   0   0   7   6   0   0  45  0.32 0.07
  216 L    -2  -3  -4  -4  -2  -2  -3  -4  -3   3   4  -3   4   1  -3  -3  -2  -2  -1   1    0   0   0   0   0   0   0   0   0  21  56   0  18   5   0   0   0   0   0   0  0.49 0.08
  217 L    -1   0  -2  -3  -2  -1  -1  -3  -2   1   2   3   0   0  -3  -2  -1  -3  -2   2    0   0   0   0   0   0   0   0   0   0  36  35   0   2   0   0   0   0   0  28  0.23 0.07
  218 E    -2  -1  -1   1  -5   1   6  -3  -1  -4  -4   0  -3  -4  -2  -1  -2  -4  -3  -3    0   0   0   0   0   0 100   0   0   0   0   0   0   0   0   0   0   0   0   0  1.15 0.15
  219 F    -1  -2  -2  -3  -2   0  -2  -3  -2   1   0  -2   0   4  -3   0   1  -1   0   2    0   0   0   0   0   9   0   0   0   9   2   0   0  30   0   6  13   0   0  31  0.23 0.06
  220 V    -1  -2   0  -3  -2  -2  -3  -3  -3   2   0  -2   0   0  -3  -1   1  -3  -1   4    0   2   9   0   0   0   0   0   0  12   2   0   0   5   0   2   9   0   0  60  0.29 0.07
  221 T    -1   2  -1  -2  -2   0  -1  -2   2  -2  -2   3  -1  -3  -2   1   3  -3  -2   0    0  13   0   0   0   0   0   0   9   0   0  31   0   0   0   7  31   0   0   9  0.29 0.07
  222 A     4  -2  -2  -2  -1  -1  -1   0  -2  -1  -2  -1  -1  -2  -1   1   0  -3  -2   0  100   0   0   0   0   0   0   0   0   0   0   0   0   0   0   0   0   0   0   0  0.44 0.01
  223 A     4  -2  -2  -2   4  -1  -1   0  -1  -1  -2  -1  -1  -1  -1   1   0  -2   1   0   79   0   0   0  14   0   0   0   0   0   0   0   0   0   0   0   0   0   7   0  0.34 0.01
  224 G     1  -2  -1  -2   3  -2  -2   5  -2  -3  -3  -2  -2  -3  -2   0  -1  -3  -3  -3    6   0   0   0  12   0   0  75   0   0   0   0   0   0   0   7   0   0   0   0  0.73 0.01
  225 I    -2  -2  -2  -3  -2  -2  -2  -4   4   4   1  -2   1   0  -3  -2  -1  -3   0   2    0   0   0   0   0   0   0   0  21  79   0   0   0   0   0   0   0   0   0   0  0.29 0.01
  226 T     0  -1   0  -1  -1  -1  -1  -2  -2  -1  -1  -1  -1  -2   1   1   5  -3  -2   0    0   0   0   0   0   0   0   0   0   0   0   0   0   0   7   0  93   0   0   0  0.49 0.01
  227 H    -2  -1  -1  -2  -3   0   0  -3   6  -1   1  -1   0  -1   2  -1  -2  -2   1  -1    0   0   0   0   0   0   5   0  52   0  32   0   0   0  12   0   0   0   0   0  0.38 0.01
